# relative_time, cycles_done, cur_item, corpus_count, pending_total, pending_favs, map_size, saved_crashes, saved_hangs, max_depth, execs_per_sec, total_execs, edges_found
61, 0, 5, 42, 20, 1, 0.00%, 0, 0, 3, 334.74, 20158, 122
66, 0, 23, 44, 20, 0, 0.00%, 0, 0, 3, 339.78, 21920, 124
71, 0, 23, 47, 22, 0, 0.00%, 0, 0, 3, 333.39, 23604, 124
76, 0, 43, 52, 27, 0, 0.00%, 0, 0, 4, 322.06, 25276, 132
81, 0, 43, 55, 30, 0, 0.00%, 0, 0, 4, 324.25, 26947, 138
86, 0, 43, 56, 31, 0, 0.00%, 0, 0, 4, 325.72, 28610, 138
91, 0, 43, 56, 31, 0, 0.00%, 0, 0, 4, 326.88, 30278, 138
96, 0, 43, 56, 31, 0, 0.00%, 0, 0, 4, 324.24, 31922, 138
101, 0, 43, 57, 32, 0, 0.00%, 0, 0, 4, 325.60, 33579, 140
107, 0, 52, 58, 31, 8, 0.00%, 0, 0, 4, 321.37, 35235, 142
112, 0, 56, 60, 31, 6, 0.00%, 0, 0, 5, 320.37, 36915, 146
117, 0, 57, 60, 30, 7, 0.00%, 0, 0, 5, 331.97, 38595, 146
122, 0, 58, 60, 28, 5, 0.00%, 0, 0, 5, 330.97, 40309, 146
127, 0, 48, 60, 25, 2, 0.00%, 0, 0, 5, 324.84, 41983, 146
132, 0, 23, 60, 23, 0, 0.00%, 0, 0, 5, 328.76, 43689, 146
138, 0, 29, 60, 23, 0, 0.00%, 0, 0, 5, 335.21, 45419, 146
143, 0, 18, 63, 26, 0, 0.00%, 0, 0, 5, 334.81, 47143, 146
148, 0, 39, 63, 26, 0, 0.00%, 0, 0, 5, 334.37, 48824, 146
153, 0, 34, 65, 28, 0, 0.00%, 0, 0, 5, 335.94, 50555, 146
158, 1, 33, 65, 28, 0, 0.00%, 0, 0, 5, 338.11, 52320, 146
163, 1, 59, 65, 27, 0, 0.00%, 0, 0, 5, 332.56, 54017, 146
168, 1, 14, 65, 26, 0, 0.00%, 0, 0, 5, 333.61, 55681, 146
173, 1, 11, 65, 26, 0, 0.00%, 0, 0, 5, 339.15, 57396, 146
179, 1, 5, 65, 26, 0, 0.00%, 0, 0, 5, 341.36, 59156, 146
184, 1, 43, 65, 26, 0, 0.00%, 0, 0, 5, 338.04, 60896, 146
189, 1, 52, 65, 26, 0, 0.00%, 0, 0, 5, 338.16, 62595, 146
194, 1, 14, 65, 26, 0, 0.00%, 0, 0, 5, 336.99, 64324, 146
199, 1, 57, 66, 27, 0, 0.00%, 0, 0, 5, 331.85, 65981, 146
204, 1, 53, 67, 28, 0, 0.00%, 0, 0, 5, 335.86, 67730, 146
209, 1, 51, 67, 28, 0, 0.00%, 0, 0, 5, 329.81, 69440, 146
215, 1, 51, 67, 28, 0, 0.00%, 0, 0, 5, 338.87, 71213, 146
220, 1, 45, 71, 32, 0, 0.00%, 0, 0, 5, 329.75, 72931, 146
225, 1, 45, 73, 34, 0, 0.00%, 0, 0, 5, 325.41, 74571, 152
230, 1, 45, 73, 34, 0, 0.00%, 0, 0, 5, 322.84, 76209, 152
235, 1, 45, 73, 34, 0, 0.00%, 0, 0, 5, 324.53, 77865, 152
240, 1, 72, 74, 34, 1, 0.00%, 0, 0, 5, 321.07, 79528, 154
245, 1, 72, 76, 36, 1, 0.00%, 0, 0, 5, 333.41, 81240, 156
250, 1, 72, 76, 36, 1, 0.00%, 0, 0, 5, 340.02, 82974, 156
255, 1, 73, 77, 35, 1, 0.00%, 0, 0, 6, 321.70, 84624, 156
261, 1, 57, 77, 34, 0, 0.00%, 0, 0, 6, 330.18, 86359, 156
266, 1, 48, 77, 34, 0, 0.00%, 0, 0, 6, 332.18, 88098, 156
271, 1, 71, 77, 34, 0, 0.00%, 0, 0, 6, 336.17, 89795, 156
276, 1, 27, 77, 34, 0, 0.00%, 0, 0, 6, 337.02, 91537, 156
281, 1, 11, 77, 34, 0, 0.00%, 0, 0, 6, 337.17, 93218, 156
286, 1, 27, 77, 34, 0, 0.00%, 0, 0, 6, 341.76, 95004, 156
291, 1, 50, 77, 34, 0, 0.00%, 0, 0, 6, 337.31, 96758, 156
297, 2, 70, 78, 35, 0, 0.00%, 0, 0, 6, 330.80, 98479, 156
302, 2, 73, 79, 35, 0, 0.00%, 0, 0, 6, 338.18, 100171, 156
307, 2, 11, 80, 36, 0, 0.00%, 0, 0, 6, 337.14, 101897, 156
312, 2, 71, 80, 36, 0, 0.00%, 0, 0, 6, 338.57, 103656, 156
317, 2, 27, 80, 36, 0, 0.00%, 0, 0, 6, 339.57, 105402, 156
322, 2, 68, 80, 35, 0, 0.00%, 0, 0, 6, 333.26, 107070, 156
327, 2, 53, 82, 36, 0, 0.00%, 0, 0, 6, 331.85, 108794, 156
333, 2, 54, 82, 36, 0, 0.00%, 0, 0, 6, 335.53, 110534, 156
338, 2, 18, 82, 35, 0, 0.00%, 0, 0, 6, 339.81, 112245, 156
343, 2, 51, 83, 36, 0, 0.00%, 0, 0, 6, 337.31, 113985, 156
348, 2, 33, 84, 37, 0, 0.00%, 0, 0, 6, 339.92, 115699, 156
353, 2, 52, 84, 37, 0, 0.00%, 0, 0, 6, 337.37, 117439, 156
358, 2, 48, 85, 38, 0, 0.00%, 0, 0, 6, 336.94, 119184, 156
363, 2, 59, 85, 38, 0, 0.00%, 0, 0, 6, 343.48, 120970, 156
368, 2, 29, 85, 38, 0, 0.00%, 0, 0, 6, 339.48, 122718, 156
374, 2, 12, 86, 39, 0, 0.00%, 0, 0, 6, 341.96, 124491, 156
379, 2, 49, 86, 39, 0, 0.00%, 0, 0, 6, 337.65, 126243, 156
384, 2, 6, 86, 39, 0, 0.00%, 0, 0, 6, 337.99, 128006, 156
389, 2, 39, 86, 38, 0, 0.00%, 0, 0, 6, 335.35, 129738, 156
394, 2, 48, 86, 38, 0, 0.00%, 0, 0, 6, 332.85, 131423, 156
399, 2, 59, 86, 38, 0, 0.00%, 0, 0, 6, 334.34, 133163, 156
405, 2, 57, 87, 39, 0, 0.00%, 0, 0, 6, 333.34, 134884, 156
410, 2, 5, 87, 39, 0, 0.00%, 0, 0, 6, 339.03, 136566, 156
415, 3, 26, 87, 39, 0, 0.00%, 0, 0, 6, 334.92, 138242, 156
420, 3, 53, 87, 39, 0, 0.00%, 0, 0, 6, 332.58, 139910, 156
425, 3, 49, 87, 38, 0, 0.00%, 0, 0, 6, 330.10, 141616, 156
430, 3, 69, 87, 38, 0, 0.00%, 0, 0, 6, 328.79, 143318, 156
435, 3, 6, 87, 37, 0, 0.00%, 0, 0, 6, 332.36, 145042, 156
440, 3, 11, 87, 37, 0, 0.00%, 0, 0, 6, 338.99, 146790, 156
445, 3, 57, 87, 37, 0, 0.00%, 0, 0, 6, 329.58, 148466, 156
450, 3, 51, 87, 37, 0, 0.00%, 0, 0, 6, 328.33, 150111, 156
456, 3, 53, 87, 37, 0, 0.00%, 0, 0, 6, 332.93, 151821, 156
461, 3, 47, 87, 37, 0, 0.00%, 0, 0, 6, 336.27, 153509, 156
466, 3, 56, 88, 38, 0, 0.00%, 0, 0, 6, 331.30, 155235, 156
471, 3, 73, 88, 38, 0, 0.00%, 0, 0, 6, 334.26, 156919, 156
476, 3, 12, 88, 38, 0, 0.00%, 0, 0, 6, 307.87, 158521, 156
481, 3, 9, 88, 38, 0, 0.00%, 0, 0, 6, 216.25, 159561, 156
486, 3, 72, 88, 38, 0, 0.00%, 0, 0, 6, 287.58, 161022, 156
491, 3, 51, 88, 38, 0, 0.00%, 0, 0, 6, 312.98, 162646, 156
496, 3, 58, 88, 38, 0, 0.00%, 0, 0, 6, 320.55, 164322, 156
501, 3, 27, 88, 38, 0, 0.00%, 0, 0, 6, 317.52, 165865, 156
507, 3, 1, 88, 38, 0, 0.00%, 0, 0, 6, 316.19, 167529, 156
512, 3, 71, 88, 37, 0, 0.00%, 0, 0, 6, 295.27, 168932, 156
517, 3, 53, 88, 37, 0, 0.00%, 0, 0, 6, 266.92, 170283, 156
522, 3, 34, 88, 37, 0, 0.00%, 0, 0, 6, 300.74, 171903, 156
527, 3, 18, 88, 37, 0, 0.00%, 0, 0, 6, 315.11, 173496, 156
532, 3, 33, 88, 37, 0, 0.00%, 0, 0, 6, 333.36, 175251, 156
537, 4, 29, 88, 37, 0, 0.00%, 0, 0, 6, 338.71, 176995, 156
542, 4, 11, 88, 37, 0, 0.00%, 0, 0, 6, 336.44, 178738, 156
548, 4, 27, 88, 37, 0, 0.00%, 0, 0, 6, 337.77, 180491, 156
553, 4, 12, 88, 37, 0, 0.00%, 0, 0, 6, 336.24, 182190, 156
558, 4, 26, 88, 37, 0, 0.00%, 0, 0, 6, 336.87, 183942, 156
563, 4, 34, 88, 37, 0, 0.00%, 0, 0, 6, 339.32, 185694, 156
568, 4, 29, 88, 37, 0, 0.00%, 0, 0, 6, 240.96, 187276, 156
573, 4, 59, 88, 37, 0, 0.00%, 0, 0, 6, 297.95, 188938, 156
579, 4, 43, 88, 36, 0, 0.00%, 0, 0, 6, 317.74, 190590, 156
584, 4, 47, 88, 36, 0, 0.00%, 0, 0, 6, 332.04, 192330, 156
589, 4, 58, 88, 36, 0, 0.00%, 0, 0, 6, 332.11, 194050, 156
594, 4, 48, 89, 37, 0, 0.00%, 0, 0, 6, 329.40, 195738, 156
599, 4, 71, 89, 37, 0, 0.00%, 0, 0, 6, 331.58, 197444, 156
604, 4, 80, 89, 37, 0, 0.00%, 0, 0, 6, 323.74, 199140, 156
610, 4, 62, 93, 40, 0, 0.00%, 0, 0, 6, 325.76, 200833, 156
615, 4, 26, 93, 39, 0, 0.00%, 0, 0, 6, 336.57, 202581, 156
620, 4, 12, 94, 40, 0, 0.00%, 0, 0, 6, 336.81, 204326, 156
625, 4, 52, 94, 40, 0, 0.00%, 0, 0, 6, 328.27, 206037, 156
630, 4, 25, 95, 41, 0, 0.00%, 0, 0, 6, 323.12, 207652, 156
635, 4, 53, 95, 41, 0, 0.00%, 0, 0, 6, 326.93, 209306, 156
641, 4, 72, 95, 41, 0, 0.00%, 0, 0, 6, 334.23, 211048, 156
646, 4, 51, 95, 41, 0, 0.00%, 0, 0, 6, 303.36, 212594, 156
651, 4, 27, 95, 41, 0, 0.00%, 0, 0, 6, 313.23, 214179, 156
656, 4, 43, 104, 50, 0, 0.00%, 0, 0, 6, 298.19, 215774, 156
661, 4, 106, 108, 54, 1, 0.00%, 0, 0, 6, 284.98, 217202, 158
666, 4, 15, 108, 53, 0, 0.00%, 0, 0, 6, 280.29, 218544, 158
671, 4, 106, 113, 58, 0, 0.00%, 0, 0, 6, 306.08, 220133, 159
676, 4, 106, 117, 62, 0, 0.00%, 0, 0, 6, 305.34, 221667, 161
681, 4, 106, 117, 62, 0, 0.00%, 0, 0, 6, 298.03, 223169, 161
686, 4, 106, 117, 62, 0, 0.00%, 0, 0, 6, 296.36, 224679, 161
691, 4, 106, 117, 62, 0, 0.00%, 0, 0, 6, 300.95, 226221, 161
696, 4, 106, 117, 62, 0, 0.00%, 0, 0, 6, 295.71, 227694, 161
702, 4, 106, 118, 63, 0, 0.00%, 0, 0, 6, 307.23, 229276, 161
707, 4, 106, 118, 63, 0, 0.00%, 0, 0, 6, 308.39, 230836, 161
712, 4, 106, 118, 63, 0, 0.00%, 0, 0, 6, 299.45, 232296, 161
717, 4, 116, 118, 62, 2, 0.00%, 0, 0, 6, 264.41, 233664, 161
722, 4, 116, 119, 63, 2, 0.00%, 0, 0, 6, 295.91, 235197, 161
727, 4, 116, 124, 68, 2, 0.00%, 0, 0, 6, 298.59, 236742, 165
732, 4, 116, 124, 68, 2, 0.00%, 0, 0, 6, 304.69, 238325, 165
737, 4, 116, 125, 69, 2, 0.00%, 0, 0, 6, 307.50, 239886, 165
742, 4, 116, 125, 69, 2, 0.00%, 0, 0, 6, 302.20, 241416, 165
747, 4, 116, 125, 69, 2, 0.00%, 0, 0, 6, 284.80, 242784, 165
753, 4, 116, 126, 70, 2, 0.00%, 0, 0, 6, 306.88, 244399, 167
758, 4, 116, 129, 73, 2, 0.00%, 0, 0, 6, 313.49, 246022, 169
763, 4, 116, 129, 73, 2, 0.00%, 0, 0, 6, 318.06, 247612, 169
768, 4, 116, 129, 73, 2, 0.00%, 0, 0, 6, 319.98, 249230, 169
773, 4, 127, 129, 71, 4, 0.00%, 0, 0, 6, 259.05, 250462, 169
778, 4, 127, 130, 72, 4, 0.00%, 0, 0, 7, 305.80, 252095, 169
783, 4, 127, 130, 72, 4, 0.00%, 0, 0, 7, 326.45, 253805, 169
788, 4, 121, 130, 71, 3, 0.00%, 0, 0, 7, 302.40, 255371, 169
793, 4, 126, 132, 72, 2, 0.00%, 0, 0, 7, 271.60, 256739, 169
798, 4, 126, 136, 76, 2, 0.00%, 0, 0, 7, 285.81, 258187, 171
804, 4, 126, 138, 78, 2, 0.00%, 1, 0, 7, 294.00, 259671, 171
809, 4, 126, 139, 79, 2, 0.00%, 1, 0, 7, 295.75, 261213, 171
814, 4, 126, 139, 79, 2, 0.00%, 1, 0, 7, 294.26, 262738, 171
819, 4, 126, 139, 79, 2, 0.00%, 1, 0, 7, 300.32, 264280, 171
824, 4, 126, 140, 80, 2, 0.00%, 1, 0, 7, 299.04, 265770, 171
829, 4, 135, 140, 79, 2, 0.00%, 1, 0, 7, 278.23, 267205, 171
834, 4, 114, 140, 78, 1, 0.00%, 1, 0, 7, 285.24, 268610, 171
839, 4, 129, 140, 77, 0, 0.00%, 1, 0, 7, 282.50, 270122, 171
845, 4, 26, 142, 78, 0, 0.00%, 1, 0, 8, 309.07, 271719, 171
850, 4, 26, 143, 79, 0, 0.00%, 1, 0, 8, 323.58, 273369, 171
855, 4, 33, 143, 79, 0, 0.00%, 1, 0, 8, 318.50, 274971, 171
860, 4, 135, 143, 79, 0, 0.00%, 1, 0, 8, 301.92, 276443, 171
865, 4, 73, 145, 80, 0, 0.00%, 1, 0, 8, 321.24, 278066, 171
870, 4, 103, 145, 79, 0, 0.00%, 1, 0, 8, 306.76, 279616, 171
875, 4, 116, 145, 78, 0, 0.00%, 1, 0, 8, 320.35, 281259, 171
880, 4, 127, 145, 78, 0, 0.00%, 1, 0, 8, 313.78, 282814, 171
885, 4, 144, 147, 80, 0, 0.00%, 1, 0, 9, 285.47, 284134, 172
890, 4, 144, 148, 81, 0, 0.00%, 2, 0, 9, 308.74, 285746, 173
895, 4, 144, 151, 84, 0, 0.00%, 2, 0, 9, 312.79, 287321, 173
900, 4, 144, 151, 84, 0, 0.00%, 2, 0, 9, 319.00, 288971, 173
906, 4, 144, 151, 84, 0, 0.00%, 2, 0, 9, 306.08, 290569, 173
911, 4, 147, 151, 82, 1, 0.00%, 2, 0, 9, 281.39, 291999, 173
916, 4, 147, 151, 82, 1, 0.00%, 2, 0, 9, 303.27, 293601, 173
921, 4, 147, 151, 82, 1, 0.00%, 2, 0, 9, 316.97, 295209, 173
926, 4, 147, 151, 82, 1, 0.00%, 2, 0, 9, 315.99, 296790, 173
931, 4, 23, 151, 81, 0, 0.00%, 2, 0, 9, 318.22, 298389, 173
936, 4, 23, 151, 81, 0, 0.00%, 2, 0, 9, 326.39, 300031, 173
941, 5, 19, 151, 81, 0, 0.00%, 2, 0, 9, 298.02, 301475, 173
946, 5, 33, 151, 81, 0, 0.00%, 2, 0, 9, 317.33, 303147, 173
951, 5, 115, 151, 81, 0, 0.00%, 2, 0, 9, 321.23, 304747, 173
956, 5, 9, 151, 81, 0, 0.00%, 2, 0, 9, 327.76, 306453, 173
961, 5, 23, 151, 81, 0, 0.00%, 2, 0, 9, 331.33, 308119, 173
966, 5, 9, 151, 81, 0, 0.00%, 2, 0, 9, 319.34, 309702, 173
971, 5, 150, 151, 81, 0, 0.00%, 2, 0, 9, 291.63, 311175, 173
976, 5, 150, 151, 81, 0, 0.00%, 3, 0, 9, 271.68, 312445, 173
981, 5, 23, 151, 80, 0, 0.00%, 3, 0, 9, 305.92, 314019, 173
986, 5, 33, 151, 80, 0, 0.00%, 3, 0, 9, 304.51, 315462, 173
992, 5, 115, 151, 80, 0, 0.00%, 3, 0, 9, 323.59, 317160, 173
997, 5, 11, 152, 81, 0, 0.00%, 3, 0, 9, 325.34, 318796, 173
1002, 5, 71, 152, 81, 0, 0.00%, 3, 0, 9, 324.83, 320493, 173
1007, 5, 115, 152, 81, 0, 0.00%, 3, 0, 9, 331.24, 322209, 173
1012, 5, 33, 152, 80, 0, 0.00%, 3, 0, 9, 320.38, 323806, 173
1017, 5, 135, 152, 80, 0, 0.00%, 3, 0, 9, 320.76, 325422, 173
1022, 5, 116, 152, 80, 0, 0.00%, 3, 0, 9, 321.39, 327095, 173
1027, 5, 23, 152, 80, 0, 0.00%, 3, 0, 9, 329.13, 328800, 173
1032, 5, 135, 152, 80, 0, 0.00%, 3, 0, 9, 321.22, 330405, 173
1038, 5, 23, 152, 80, 0, 0.00%, 3, 0, 9, 326.76, 332092, 173
1043, 5, 23, 152, 79, 0, 0.00%, 3, 0, 9, 282.62, 333571, 173
1048, 5, 115, 152, 79, 0, 0.00%, 3, 0, 9, 315.86, 335222, 173
1053, 5, 23, 152, 79, 0, 0.00%, 3, 0, 9, 316.34, 336871, 173
1058, 5, 65, 152, 79, 0, 0.00%, 3, 0, 9, 319.67, 338550, 173
1063, 5, 18, 152, 78, 0, 0.00%, 3, 0, 9, 324.75, 340245, 173
1068, 5, 26, 152, 78, 0, 0.00%, 3, 0, 9, 320.38, 341839, 173
1074, 5, 71, 152, 78, 0, 0.00%, 3, 0, 9, 311.53, 343471, 173
1079, 5, 21, 152, 77, 0, 0.00%, 3, 0, 9, 300.86, 344948, 173
1084, 5, 114, 152, 77, 0, 0.00%, 3, 0, 9, 318.99, 346616, 173
1089, 5, 18, 152, 77, 0, 0.00%, 3, 0, 9, 324.46, 348298, 173
1094, 5, 29, 152, 77, 0, 0.00%, 3, 0, 9, 327.20, 349947, 173
1099, 5, 127, 152, 77, 0, 0.00%, 3, 0, 9, 318.61, 351552, 173
1104, 5, 116, 152, 77, 0, 0.00%, 3, 0, 9, 180.72, 353006, 173
1110, 5, 114, 152, 77, 0, 0.00%, 3, 0, 9, 285.70, 354607, 173
1115, 5, 53, 152, 77, 0, 0.00%, 3, 0, 9, 312.88, 356255, 173
1120, 5, 122, 152, 77, 0, 0.00%, 3, 0, 9, 287.56, 357691, 173
1125, 5, 127, 152, 76, 0, 0.00%, 3, 0, 9, 311.36, 359306, 173
1130, 5, 115, 152, 76, 0, 0.00%, 3, 0, 9, 304.09, 360763, 173
1135, 5, 11, 152, 76, 0, 0.00%, 3, 0, 9, 326.60, 362486, 173
1140, 5, 23, 152, 76, 0, 0.00%, 3, 0, 9, 330.60, 364201, 173
1145, 6, 115, 152, 76, 0, 0.00%, 3, 0, 9, 325.46, 365816, 173
1150, 6, 125, 152, 76, 0, 0.00%, 3, 0, 9, 325.94, 367489, 173
1156, 6, 116, 152, 76, 0, 0.00%, 3, 0, 9, 316.81, 369149, 173
1161, 6, 116, 152, 76, 0, 0.00%, 3, 0, 9, 320.73, 370749, 173
1166, 6, 53, 152, 76, 0, 0.00%, 3, 0, 9, 322.93, 372429, 173
1171, 6, 47, 152, 76, 0, 0.00%, 3, 0, 9, 324.28, 374121, 173
1176, 6, 29, 152, 76, 0, 0.00%, 3, 0, 9, 320.16, 375752, 173
1181, 6, 11, 152, 76, 0, 0.00%, 3, 0, 9, 333.24, 377491, 173
1187, 6, 23, 152, 76, 0, 0.00%, 3, 0, 9, 316.23, 379143, 173
1192, 6, 119, 152, 75, 0, 0.00%, 3, 0, 9, 277.58, 380534, 173
1197, 6, 23, 152, 74, 0, 0.00%, 3, 0, 9, 288.64, 382007, 173
1202, 6, 121, 152, 74, 0, 0.00%, 3, 0, 9, 310.53, 383646, 173
1207, 6, 116, 152, 74, 0, 0.00%, 4, 0, 9, 281.93, 385067, 173
1212, 6, 125, 153, 75, 0, 0.00%, 4, 0, 9, 281.98, 386429, 175
1217, 6, 23, 153, 74, 0, 0.00%, 4, 0, 9, 289.74, 387982, 175
1222, 6, 23, 153, 74, 0, 0.00%, 4, 0, 9, 312.49, 389558, 175
1227, 6, 11, 153, 74, 0, 0.00%, 4, 0, 9, 322.24, 391255, 175
1233, 6, 23, 153, 74, 0, 0.00%, 4, 0, 9, 322.30, 392925, 175
1238, 6, 53, 153, 74, 0, 0.00%, 4, 0, 9, 329.56, 394641, 175
1243, 6, 135, 153, 74, 0, 0.00%, 4, 0, 9, 320.04, 396234, 175
1248, 6, 152, 153, 74, 0, 0.00%, 4, 0, 9, 330.88, 397956, 175
1253, 6, 152, 153, 74, 0, 0.00%, 4, 0, 9, 325.63, 399630, 175
1258, 6, 152, 153, 74, 0, 0.00%, 4, 0, 9, 329.63, 401304, 175
1263, 6, 152, 153, 74, 0, 0.00%, 4, 0, 9, 326.70, 402944, 175
1268, 6, 152, 153, 74, 0, 0.00%, 4, 0, 9, 311.14, 404492, 175
1273, 6, 152, 153, 74, 0, 0.00%, 4, 0, 9, 324.20, 406130, 175
1278, 6, 23, 156, 77, 0, 0.00%, 4, 0, 9, 327.66, 407762, 175
1284, 6, 33, 156, 77, 0, 0.00%, 4, 0, 9, 318.24, 409420, 175
1289, 6, 114, 156, 77, 0, 0.00%, 4, 0, 9, 321.00, 411015, 175
1294, 6, 72, 156, 77, 0, 0.00%, 4, 0, 9, 322.27, 412633, 175
1299, 6, 148, 156, 77, 0, 0.00%, 4, 0, 9, 280.86, 414052, 175
1304, 6, 156, 157, 77, 1, 0.00%, 5, 0, 10, 297.26, 415609, 177
1309, 6, 152, 157, 76, 0, 0.00%, 5, 0, 10, 299.10, 417102, 177
1314, 6, 28, 157, 75, 0, 0.00%, 5, 0, 10, 312.18, 418757, 177
1319, 6, 23, 157, 74, 0, 0.00%, 5, 0, 10, 317.74, 420416, 177
1325, 6, 71, 157, 74, 0, 0.00%, 5, 0, 10, 326.66, 422114, 177
1330, 6, 9, 157, 74, 0, 0.00%, 5, 0, 10, 314.79, 423753, 177
1335, 6, 121, 157, 74, 0, 0.00%, 5, 0, 10, 322.88, 425446, 177
1340, 6, 156, 157, 74, 0, 0.00%, 5, 0, 10, 312.51, 427076, 177
1345, 6, 152, 157, 74, 0, 0.00%, 5, 0, 10, 324.27, 428760, 177
1351, 6, 23, 157, 74, 0, 0.00%, 5, 0, 10, 331.92, 430483, 177
1356, 6, 74, 157, 74, 0, 0.00%, 5, 0, 10, 331.09, 432192, 177
1361, 6, 26, 157, 73, 0, 0.00%, 5, 0, 10, 332.82, 433923, 177
1366, 7, 115, 157, 73, 0, 0.00%, 5, 0, 10, 324.92, 435622, 177
1371, 7, 23, 157, 73, 0, 0.00%, 5, 0, 10, 330.49, 437334, 177
1377, 7, 29, 157, 72, 0, 0.00%, 5, 0, 10, 334.64, 439063, 177
1382, 7, 147, 157, 72, 0, 0.00%, 5, 0, 10, 325.36, 440769, 177
1387, 7, 18, 157, 72, 0, 0.00%, 5, 0, 10, 326.37, 442437, 177
1392, 7, 53, 157, 72, 0, 0.00%, 5, 0, 10, 323.33, 444107, 177
1397, 7, 23, 157, 72, 0, 0.00%, 5, 0, 10, 325.81, 445747, 177
1402, 7, 33, 157, 72, 0, 0.00%, 5, 0, 10, 321.06, 447327, 177
1407, 7, 29, 157, 72, 0, 0.00%, 5, 0, 10, 313.80, 448946, 177
1412, 7, 18, 157, 72, 0, 0.00%, 5, 0, 10, 318.79, 450564, 177
1417, 7, 116, 157, 72, 0, 0.00%, 5, 0, 10, 306.11, 452104, 177
1422, 7, 11, 157, 71, 0, 0.00%, 5, 0, 10, 286.98, 453576, 177
1428, 7, 115, 157, 71, 0, 0.00%, 5, 0, 10, 281.36, 455004, 177
1433, 7, 116, 157, 70, 0, 0.00%, 5, 0, 10, 312.62, 456664, 177
1438, 7, 152, 157, 70, 0, 0.00%, 5, 0, 10, 322.64, 458339, 177
1443, 7, 114, 157, 70, 0, 0.00%, 5, 0, 10, 314.15, 459912, 177
1448, 7, 29, 157, 70, 0, 0.00%, 5, 0, 10, 325.11, 461615, 177
1453, 7, 23, 157, 69, 0, 0.00%, 5, 0, 10, 311.44, 463145, 177
1458, 7, 23, 157, 69, 0, 0.00%, 5, 0, 10, 315.49, 464793, 177
1463, 7, 18, 157, 69, 0, 0.00%, 5, 0, 10, 326.99, 466455, 177
1468, 7, 72, 157, 69, 0, 0.00%, 5, 0, 10, 322.76, 468079, 177
1473, 7, 33, 157, 69, 0, 0.00%, 5, 0, 10, 311.06, 469621, 177
1478, 7, 116, 157, 69, 0, 0.00%, 5, 0, 10, 313.90, 471208, 177
1484, 7, 127, 157, 69, 0, 0.00%, 5, 0, 10, 318.52, 472833, 177
1489, 7, 47, 157, 69, 0, 0.00%, 5, 0, 10, 320.13, 474498, 177
1494, 7, 23, 157, 69, 0, 0.00%, 5, 0, 10, 329.66, 476167, 177
1499, 7, 74, 157, 69, 0, 0.00%, 5, 0, 10, 320.82, 477805, 177
1504, 7, 127, 157, 69, 0, 0.00%, 5, 0, 10, 329.10, 479520, 177
1509, 7, 71, 157, 69, 0, 0.00%, 6, 0, 10, 323.93, 481180, 177
1514, 7, 23, 157, 69, 0, 0.00%, 6, 0, 10, 328.12, 482833, 177
1520, 7, 127, 157, 69, 0, 0.00%, 6, 0, 10, 329.17, 484537, 177
1525, 7, 25, 157, 69, 0, 0.00%, 6, 0, 10, 332.48, 486245, 177
1530, 7, 156, 157, 69, 0, 0.00%, 6, 0, 10, 320.76, 487821, 177
1535, 7, 18, 157, 69, 0, 0.00%, 6, 0, 10, 314.89, 489374, 177
1540, 7, 113, 157, 69, 0, 0.00%, 6, 0, 10, 242.97, 490567, 177
1545, 7, 33, 157, 68, 0, 0.00%, 6, 0, 10, 294.88, 492147, 177
1550, 7, 26, 157, 68, 0, 0.00%, 6, 0, 10, 309.76, 493717, 177
1555, 7, 121, 157, 67, 0, 0.00%, 6, 0, 10, 282.72, 495044, 177
1560, 7, 142, 158, 68, 0, 0.00%, 6, 0, 10, 301.08, 496635, 177
1566, 7, 136, 158, 67, 0, 0.00%, 6, 0, 10, 251.47, 497854, 177
1571, 7, 71, 158, 66, 0, 0.00%, 6, 0, 10, 299.02, 499442, 177
1576, 7, 114, 158, 66, 0, 0.00%, 6, 0, 10, 301.90, 500988, 177
1581, 7, 152, 158, 66, 0, 0.00%, 6, 0, 10, 309.01, 502615, 177
1586, 7, 23, 158, 66, 0, 0.00%, 6, 0, 10, 298.15, 504177, 177
1591, 7, 33, 158, 66, 0, 0.00%, 6, 0, 10, 303.64, 505698, 177
1596, 7, 114, 158, 66, 0, 0.00%, 6, 0, 10, 311.21, 507293, 177
1601, 7, 156, 158, 66, 0, 0.00%, 6, 0, 10, 316.81, 508884, 177
1606, 7, 135, 159, 67, 0, 0.00%, 6, 0, 10, 290.96, 510326, 177
1611, 8, 23, 159, 67, 0, 0.00%, 6, 0, 10, 317.53, 511927, 177
1617, 8, 152, 159, 66, 0, 0.00%, 6, 0, 10, 306.72, 513522, 177
1622, 8, 23, 159, 66, 0, 0.00%, 6, 0, 10, 317.76, 515156, 177
1627, 8, 18, 159, 66, 0, 0.00%, 6, 0, 10, 322.30, 516772, 177
1632, 8, 26, 159, 66, 0, 0.00%, 6, 0, 10, 324.50, 518460, 177
1637, 8, 98, 159, 66, 0, 0.00%, 6, 0, 10, 316.16, 520050, 177
1642, 8, 156, 159, 65, 0, 0.00%, 6, 0, 10, 315.91, 521711, 177
1647, 8, 23, 159, 65, 0, 0.00%, 6, 0, 10, 295.01, 523104, 177
1652, 8, 23, 159, 65, 0, 0.00%, 6, 0, 10, 292.69, 524512, 177
1658, 8, 72, 159, 65, 0, 0.00%, 6, 0, 10, 299.66, 526059, 177
1663, 8, 26, 159, 64, 0, 0.00%, 6, 0, 10, 310.35, 527655, 177
1668, 8, 156, 159, 63, 0, 0.00%, 6, 0, 10, 289.36, 529123, 177
1673, 8, 53, 159, 63, 0, 0.00%, 6, 0, 10, 303.20, 530661, 177
1678, 8, 53, 159, 63, 0, 0.00%, 6, 0, 10, 303.42, 532201, 177
1683, 8, 47, 159, 63, 0, 0.00%, 6, 0, 10, 311.44, 533756, 177
1688, 8, 47, 159, 63, 0, 0.00%, 6, 0, 10, 304.99, 535347, 177
1693, 8, 11, 159, 63, 0, 0.00%, 6, 0, 10, 302.14, 536834, 177
1698, 8, 114, 159, 63, 0, 0.00%, 6, 0, 10, 302.78, 538295, 177
1703, 8, 147, 159, 63, 0, 0.00%, 6, 0, 10, 298.17, 539778, 177
1708, 8, 152, 159, 63, 0, 0.00%, 6, 0, 10, 291.76, 541230, 177
1714, 8, 71, 159, 63, 0, 0.00%, 6, 0, 10, 308.32, 542851, 177
1719, 8, 152, 159, 63, 0, 0.00%, 6, 0, 10, 314.75, 544516, 177
1724, 8, 23, 159, 63, 0, 0.00%, 6, 0, 10, 314.36, 546125, 177
1729, 8, 23, 159, 63, 0, 0.00%, 6, 0, 10, 283.89, 547568, 177
1734, 8, 47, 159, 63, 0, 0.00%, 6, 0, 10, 300.85, 549107, 177
1740, 8, 125, 159, 63, 0, 0.00%, 6, 0, 10, 306.09, 550688, 177
1745, 8, 121, 159, 63, 0, 0.00%, 6, 0, 10, 314.60, 552286, 177
1750, 8, 115, 159, 63, 0, 0.00%, 6, 0, 10, 299.18, 553754, 177
1755, 8, 9, 159, 63, 0, 0.00%, 6, 0, 10, 314.84, 555384, 177
1760, 8, 11, 159, 63, 0, 0.00%, 6, 0, 10, 304.41, 556945, 177
1765, 8, 29, 159, 63, 0, 0.00%, 6, 0, 10, 293.54, 558393, 177
1770, 8, 23, 159, 63, 0, 0.00%, 6, 0, 10, 305.98, 559984, 177
1775, 8, 152, 159, 63, 0, 0.00%, 6, 0, 10, 305.99, 561499, 177
1780, 8, 152, 159, 63, 0, 0.00%, 6, 0, 10, 311.18, 563048, 177
1785, 8, 115, 159, 63, 0, 0.00%, 6, 0, 10, 290.19, 564546, 177
1790, 8, 11, 159, 63, 0, 0.00%, 6, 0, 10, 293.54, 566087, 177
1795, 8, 23, 159, 63, 0, 0.00%, 6, 0, 10, 292.70, 567519, 177
1801, 8, 26, 159, 63, 0, 0.00%, 6, 0, 10, 307.86, 569106, 177
1806, 9, 71, 159, 63, 0, 0.00%, 6, 0, 10, 304.97, 570626, 177
1811, 9, 47, 159, 63, 0, 0.00%, 6, 0, 10, 283.41, 572039, 177
1816, 9, 33, 159, 63, 0, 0.00%, 6, 0, 10, 287.42, 573507, 177
1821, 9, 115, 159, 63, 0, 0.00%, 6, 0, 10, 280.89, 574979, 177
1826, 9, 105, 159, 63, 0, 0.00%, 6, 0, 10, 279.21, 576452, 177
1831, 9, 127, 159, 62, 0, 0.00%, 6, 0, 10, 292.09, 577915, 177
1836, 9, 156, 160, 63, 0, 0.00%, 6, 0, 11, 273.87, 579362, 177
1842, 9, 23, 160, 62, 0, 0.00%, 6, 0, 11, 281.87, 580840, 177
1847, 9, 152, 160, 62, 0, 0.00%, 6, 0, 11, 305.05, 582394, 177
1852, 9, 33, 160, 62, 0, 0.00%, 6, 0, 11, 322.86, 584080, 177
1857, 9, 159, 160, 62, 0, 0.00%, 6, 0, 11, 314.89, 585667, 177
1862, 9, 159, 160, 62, 0, 0.00%, 6, 0, 11, 322.35, 587281, 177
1867, 9, 159, 160, 62, 0, 0.00%, 6, 0, 11, 315.61, 588874, 177
1872, 9, 53, 160, 62, 0, 0.00%, 6, 0, 11, 321.41, 590542, 177
1877, 9, 125, 160, 62, 0, 0.00%, 6, 0, 11, 323.79, 592224, 177
1883, 9, 152, 160, 61, 0, 0.00%, 6, 0, 11, 328.78, 593922, 177
1888, 9, 11, 160, 61, 0, 0.00%, 6, 0, 11, 331.59, 595639, 177
1893, 9, 135, 160, 61, 0, 0.00%, 6, 0, 11, 324.39, 597330, 177
1898, 9, 23, 160, 61, 0, 0.00%, 6, 0, 11, 325.69, 599023, 177
1903, 9, 143, 160, 61, 0, 0.00%, 6, 0, 11, 306.50, 600585, 177
1908, 9, 6, 160, 60, 0, 0.00%, 6, 0, 11, 303.45, 602111, 177
1913, 9, 73, 160, 59, 0, 0.00%, 6, 0, 11, 306.96, 603606, 177
1918, 9, 116, 160, 59, 0, 0.00%, 6, 0, 11, 307.16, 605149, 177
1924, 9, 127, 160, 59, 0, 0.00%, 6, 0, 11, 305.90, 606721, 177
1929, 9, 135, 160, 59, 0, 0.00%, 6, 0, 11, 278.21, 608095, 177
1934, 9, 149, 160, 59, 0, 0.00%, 6, 0, 11, 255.86, 609384, 177
1939, 9, 149, 161, 60, 0, 0.00%, 6, 0, 11, 282.28, 610819, 177
1944, 9, 147, 161, 59, 0, 0.00%, 6, 0, 11, 300.85, 612408, 177
1949, 9, 115, 161, 59, 0, 0.00%, 6, 0, 11, 319.56, 614066, 177
1954, 9, 135, 161, 59, 0, 0.00%, 7, 0, 11, 314.91, 615689, 177
1959, 9, 116, 161, 59, 0, 0.00%, 8, 0, 11, 323.21, 617301, 177
1964, 9, 5, 161, 59, 0, 0.00%, 8, 0, 11, 318.33, 618849, 177
1969, 9, 159, 161, 59, 0, 0.00%, 8, 0, 11, 321.99, 620519, 177
1975, 9, 26, 161, 59, 0, 0.00%, 9, 0, 11, 329.12, 622210, 177
1980, 9, 71, 161, 59, 0, 0.00%, 9, 0, 11, 329.51, 623860, 177
1985, 9, 26, 161, 59, 0, 0.00%, 9, 0, 11, 331.91, 625564, 177
1990, 9, 158, 161, 59, 0, 0.00%, 9, 0, 11, 278.60, 626961, 177
1995, 9, 125, 161, 58, 0, 0.00%, 9, 0, 11, 314.49, 628616, 177
2000, 9, 53, 161, 58, 0, 0.00%, 9, 0, 11, 331.41, 630344, 177
2005, 9, 33, 161, 58, 0, 0.00%, 9, 0, 11, 330.87, 632061, 177
2011, 9, 9, 162, 59, 0, 0.00%, 9, 0, 11, 332.32, 633787, 177
2016, 9, 147, 162, 59, 0, 0.00%, 9, 0, 11, 325.10, 635410, 177
2021, 9, 155, 162, 59, 0, 0.00%, 9, 0, 11, 274.15, 636820, 177
2026, 9, 116, 162, 58, 0, 0.00%, 9, 0, 11, 298.34, 638316, 177
2031, 9, 115, 162, 58, 0, 0.00%, 9, 0, 11, 321.59, 640008, 177
2036, 9, 26, 162, 58, 0, 0.00%, 9, 0, 11, 326.18, 641650, 177
2041, 9, 115, 162, 57, 0, 0.00%, 9, 0, 11, 327.33, 643360, 177
2046, 9, 23, 162, 57, 0, 0.00%, 9, 0, 11, 328.64, 645059, 177
2052, 9, 29, 162, 57, 0, 0.00%, 9, 0, 11, 328.89, 646782, 177
2057, 9, 160, 162, 57, 0, 0.00%, 9, 0, 11, 284.94, 648234, 177
2062, 9, 160, 162, 57, 0, 0.00%, 9, 0, 11, 306.39, 649791, 177
2067, 9, 159, 162, 56, 0, 0.00%, 9, 0, 11, 321.11, 651505, 177
2072, 9, 21, 162, 56, 0, 0.00%, 9, 0, 11, 328.69, 653158, 177
2077, 9, 33, 162, 56, 0, 0.00%, 9, 0, 11, 331.37, 654871, 177
